1121143534
171419958
2250970
1798658600
57561095
1780924244
2438826
1245824935
968843011
1165495333
1267619012
1327251243
93350056
902613295
803344953
135848948
118092145
774426327
1104703664
557452061
373520432
1756274525
1958580529
1147777151
900259132
949056746
394640061
573355588
398766388
1122749570
1454581167
1519909922
1294169527
1456832137
1171084873
1351730621
1090272732
1026040050
450071907
59115742
44051734
1717690918
1238883336
137401790
472820564
42228288
125767089
443429060
669170966
1230470753
1000881120
1042691397
839261629
811978001
42984899
1739520760
1761034746
437624960
165392700
12317486
1560374529
1619973866
1532227407
707060407
929322354
555828631
58791027
19595085
1581868680
361379285
1931227178
1625920414
79070202
1022626865
1615838555
404407117
917371504
1741605643
847836176
1586542470
824592747
1848717295
481750218
1663854375
513211647
524735117
1255891487
126762745
962360076
1421284186
139080230
375250956
893774403
1671307636
1082311362
1823096757
79652618
993618740
1695208193
1661521297
