456570152
728178870
408717316
194659856
513613988
767057179
193161386
33423065
723718559
181415221
184154819
288082102
37136577
517053847
517764131
739219465
806433462
867842049
97022982
344123545
138326030
934950358
377904596
241770274
935420798
505979627
799735310
827775186
178098664
361887430
380924224
634668815
90066300
789641540
829328671
603680287
556698718
22490056
637103351
132933628
56421628
821258170
421015729
93558205
190828368
791296212
685294021
997261829
511654612
634833354
193901726
502496994
422300064
571806321
744267267
210237213
930302299
396518928
38012399
108400963
758406358
418936622
743069777
848472657
61094513
424914799
304669295
617793230
299921206
794288998
603243209
356342834
468063519
24258938
302417390
658891886
668071501
987711410
508670066
179726112
475061115
702571791
682223105
897361178
126894463
279006723
107598391
57196762
675525651
145610789
18114076
433932008
417063762
613700204
134921016
478158275
38615003
292106662
948467856
338536208
86395659
551711065
547395393
554459177
428486354
849812782
65867414
96557854
690040543
574537480
128800317
17618010
129625622
663539774
914979187
256520085
942546496
22577577
166233198
618072146
20704717
36863625
904520505
290284831
650563828
39441520
620959457
689178830
184064534
569427312
880231390
270460192
973654728
427626782
677435721
254657433
129955916
743303134
203731638
672512810
317840613
332531955
690130819
447466235
996071728
605110006
556502671
791134575
480203934
722735868
261723073
353425003
759599492
166243577
496226185
262679671
58201449
117185641
951858501
242265982
539129304
684606242
365242525
512784032
112233023
42678245
767441464
94705290
785981379
971173102
767218100
956338343
156221408
309865270
256320929
4809487
914975275
812823599
795944061
247695561
388075818
57667133
453636915
191661
76427062
949863099
262871332
134628510
67048739
67246184
229410843
458694394
751852425
594653367
971478425
716601799
489847964
591436241
811307089
128345694
415125694
431041540
84684036
423863453
740906809
341004965
428672939
508398436
6344915
77133351
608610348
394420733
987316836
62247262
394612393
63743897
12110360
657483724
50888758
931675450
724729907
132815952
242886195
476582331
579985670
66880972
45700482
69833633
658317212
857007570
198179326
925959257
140565461
135379714
349822709
733988621
476384678
631011999
94903408
482729592
708145349
703513755
877150324
547978536
765761016
124279069
464238784
630387727
781762792
367643893
414579528
506492699
500459844
657465723
835591381
80445514
724346694
881291862
2795498
235180257
590815783
53491176
13655865
731381243
188870889
363478573
317886216
665255566
994490571
412789623
501509
555152271
116303378
730168185
103130807
734580745
854447253
419885942
217484824
636210044
787529835
632064351
995219094
140506030
142046425
830810475
73467895
718909470
564618688
76263393
954089726
155434471
129754568
967745590
739332065
318625456
183740514
57218280
836397373
30747436
470007903
836898881
438416059
438827632
419583417
394063217
173408376
274030669
813949158
390893199
762757065
601478992
875473902
757976158
741985022
17520326
441302984
815452916
588946148
5921672
744232660
395552225
13872494
873987227
215814167
753204558
45129034
399554680
662939190
881526406
282818468
132947092
570941639
721234526
424291075
990525055
115297742
597699450
117072076
929246899
841109001
879829140
383242243
716582902
490321649
977743616
586619579
784140985
645712883
28082078
642579008
389945543
423634303
656451501
116449121
639448469
262172410
14094507
39003148
925111599
895620912
174337967
910575042
319078902
895572492
187382468
162120309
10870233
785081918
131708736
792633484
478707270
11537875
28392078
47806523
354375875
6135693
634426101
138516859
504364927
662508179
633612218
894310469
86142481
142580070
863275942
578107301
404752480
877370448
469626800
182380430
625507711
643964767
945471824
944586613
539537258
132854291
959223273
402923843
770452560
90932008
48073678
249159829
954986234
76465755
296966351
161878460
935117799
783908804
152911671
291999077
298933334
786523888
38825898
237592166
929103958
902101839
815699466
186372789
779472286
285326265
368753218
257496348
929291031
166741393
54599312
321344641
299595684
13822584
576784835
70048243
104754591
624858512
171724424
912257176
553840618
321207126
74135636
341474768
105115929
227047306
633473844
404049262
13571193
672299741
641641427
795191502
426917931
309857244
981564290
58906568
595183509
202833860
316402916
376990891
369575252
371002227
550851883
669170935
384824811
127636717
591735530
342095753
605011580
615976305
106869281
11368549
937183430
181004916
352843316
42299359
260568573
838833512
298864972
126656117
363649604
793022751
921847619
790567535
102879994
903411908
849474102
550579854
106245767
165877017
927570745
328337371
536879244
330938979
997508305
774220406
458575696
441760186
116316158
63587275
57736490
75701790
74955824
847436272
256706705
280315491
742251982
517275277
119149002
41116953
643931394
335314958
686656055
418295364
125882492
789536049
174223623
975356593
192632254
132985742
993749962
120202998
461323112
383145557
303658329
311347768
157365962
762234024
753107954
126198471
678337650
663360795
201900261
605809825
363313418
311123317
738641668
105565399
828398594
710307021
999198704
324846339
45621978
685854758
743141702
24020821
327907158
917365324
999377414
520539412
50351065
845643727
493258761
364190528
228789283
796917089
675538296
238671596
411667464
281162601
364870066
942521466
944523395
419286678
400847642
160353165
730409995
139489309
265918563
411324940
849796330
117633618
736171278
747934659
803488376
331829331
771955480
983911885
101711006
623849245
356967648
4578423
469492971
850226409
368768950
550798605
499659849
44307245
789470200
763843665
177986197
6856617
706365130
122509592
426143295
107212771
135379108
156553289
99218432
401297670
567878228
801531113
518931288
156565857
549465771
174936015
340911539
173937602
11364251
442622544
797786846
368331899
299717318
119796168
71074659
668486268
670594772
570734507
565309864
460064971
187094523
743296061
466921588
893459652
718322004
893064882
853188775
853701111
902134522
804923558
107515132
322529101
606454670
478962771
479094957
8436792
653898785
820006495
182374394
665263036
115145390
980161239
33594934
414862708
99957407
104669592
935865327
623068530
527920450
353691542
83133501
715014973
96987602
402571440
460990976
667825957
148152673
166696102
374043419
50287194
971619659
334074903
225332646
430590680
813037673
704427602
291543824
319452810
376950448
473918217
984715845
344612189
306595807
870827130
759474896
259069565
828013073
547856574
882138095
208449874
901548116
817787947
775981198
851052069
72875738
89488526
371394378
73544762
256184627
745437796
123831955
80320638
79512698
201680952
363427669
745066723
906108553
654971492
64519532
135575352
128889708
901751728
480187540
288001867
625095209
92178788
399587783
305624633
640035361
134242229
514074506
394099828
952030175
142572056
245151897
877422264
232060581
616546274
950967025
488245207
214500421
927315331
421082196
146529471
128996282
784509865
891596193
887621186
439481356
808632076
23196537
420887416
710383803
355900429
561405634
187995363
300595568
960993416
493619995
940630928
95235645
7694500
187247108
899782171
2782907
432399004
777204435
234843487
901461629
580687811
723088694
115962049
508003142
144170889
115007871
489515775
781197105
859120415
377136961
73194813
667752490
252849849
494082228
230652644
461266629
55487861
418648006
761862196
868997628
912268000
555009476
964233272
772478852
742256583
716531795
775261758
27171938
346252581
10105245
928633566
926940391
585710290
897111966
287459884
582397530
12119837
776975659
216110987
723756603
6628971
289305799
244025445
259478819
783388026
474678088
720745448
691392238
745842446
335123995
412906217
510626797
890133470
229655841
135622000
632390052
946187635
910883758
659561989
292440215
773505354
440711906
71896957
211731995
337823872
359356841
646645876
202460060
136332499
862756862
926216662
142961469
152062660
22758458
254956639
787967037
497436546
975702086
331875626
95795343
163342433
744781843
606422139
53475902
974437683
742044139
538382306
920625317
505444248
50460646
65581883
131465953
491172552
137478839
343197947
828996423
496835679
989843822
883972834
485684529
705117036
662705847
628645997
857179695
685464305
883602636
497663084
35417202
711821073
829538709
131212544
875163505
574320551
737634682
781155759
401274585
479678820
319538064
174416253
985123067
369998709
239998135
116589019
861171260
229993326
312303317
542684034
726829004
154663491
279173219
65029885
859780526
941879066
693675881
569476572
627343370
429794868
67139655
662760571
994132293
749194716
793973114
721812149
176031618
384124147
502967907
577306203
863802967
675022322
751722455
701442385
45021031
991720590
670547756
758708642
74230267
835367424
153909028
801059270
990030914
433082246
866089154
702327791
227477663
412281387
124320715
854821032
694592606
43976721
370097954
688724898
793171436
16587419
263053399
969203054
400711566
766021305
399025608
117030884
293559979
150748062
670989620
191097361
994985003
194053727
949806002
69215269
29421151
956231381
722790891
871968416
241829979
441396396
426812559
469307641
853677782
551133273
176645025
400786740
447626345
546742978
89511637
93314133
415846749
205081387
62517186
816558314
971102692
314059145
786105549
117179022
464807206
457095168
308276382
312308561
651148895
110598735
381523829
533086397
66830116
104314719
405054812
308660094
398227467
831867370
777967734
104421600
235516994
954612758
505208339
683143339
353872088
447236328
776457471
769718836
652317714
691491008
438793501
475936757
5550152
77415401
593115778
322873709
534510568
901392159
635182269
38175814
11990894
869222450
571262210
78821009
826053520
828833374
239997454
224280986
513217095
