1463028589
963754613
10725418
1072548897
1434398069
1505120297
271576994
889043011
1983013693
1384152922
1528370303
480111137
415224095
1270385334
570645896
1160975523
1815427718
1710927287
1137177297
1850679447
1320652279
595531238
101216098
770900427
1953582313
1442611667
1954399973
1751224480
832873241
217583812
416212773
148418181
1181338424
279454542
1220967077
468252845
1784574838
1492544071
1357295855
1620104883
729213344
738182510
100216019
1144437438
8567843
523378266
157929312
1676511912
86821905
1295106609
1379707710
1407474183
1890637846
1480923807
30890961
1696736510
776051825
1985290934
1300477341
1608925066
55391097
1716690114
1757343246
1236729520
1996144655
830826675
1704982364
1633235845
175887097
914794571
1105857079
905100440
1652977080
1058589449
49537877
1514061274
1581967714
59983541
1043089538
1668789618
1355090149
275313599
928780153
1098244346
1756237406
959671113
647497207
384805582
797478398
1947974547
1993730647
852869494
1517181012
1603590245
89599014
1365842019
286933271
1647097729
851594215
462820367
414408651
1957451293
1367920806
67385730
868557093
1269975034
1433963356
303041158
1329958574
329569245
1971830776
537565074
604882843
753127280
1635809419
213636600
1712798392
135822977
598442182
362793142
83797524
444689180
1215662635
1453494887
48279424
1157778000
671853257
187729046
657392081
1523447471
650549412
1071800731
1333415115
18470217
991702813
54488559
1140961603
278182520
357529717
323436528
607751764
181876844
861001602
1212634606
935004123
349327372
1426271206
500318866
485150349
24713387
863112007
421464224
321918918
78774642
1874959110
222714694
1089068993
399328719
410443739
1746461073
1922776189
1060993151
670778156
1108707656
931979719
1662480968
1163196214
72941321
1940663487
1520725930
248894201
400931602
1702602773
1109895802
1613566207
490123247
1459223173
892353764
990442113
1944373521
769583502
1853554119
218354096
1091502420
1784845112
93313206
1314217113
726430457
345158276
1724660851
325407881
120450816
638170353
996186036
1229158471
1570150072
511183355
244871037
1495607744
304363193
1765596966
1744501944
705294794
1320716091
706914097
171377353
1810839337
18653622
1063731116
653797801
1963027142
1833314618
359868272
33897590
777333389
144713383
127210795
91550501
723660191
324885422
1668727703
1049068072
445336237
159414408
45254107
1674494708
1729564479
408953814
1919365744
1077688574
713317006
1537479061
674706870
1418611800
710711503
1381620966
1589989152
374067192
1400274587
506236619
1027864992
1215818081
192067588
1387733263
1249715670
969400976
1384962998
1229442816
913467828
108623188
1554328237
434711883
1010207611
1999664473
594126290
907978070
1526675532
176207120
1316931883
1298557627
1253895693
30248888
688553040
1928602562
1301377039
1399264542
1162739880
743882542
1773331733
415530818
1250119161
653713077
1631348898
1442186748
41446339
733580919
264104076
1278925688
1963023734
1177571903
1240065228
1369868322
1612283785
102789190
1222049147
58926426
1010767259
601241030
235133545
180215493
1899798657
1489029238
62980733
440868048
1270148151
1364357771
1840132589
285404382
108240313
1465980674
700935200
1210875825
119693750
184800449
505578924
13656440
918381368
769682999
1145098480
733921453
1947254902
237680059
103789775
1412055038
340469248
1178355273
1470981464
1351236507
1779596302
1706115008
1531451999
1531911310
1047660597
1594432731
1972779357
170325100
811306854
1665428298
455729481
772063518
983925323
1156664680
1982939342
956135424
1341465129
341034617
822308215
112362848
1110717616
1967406694
846284300
910488869
57603104
802590426
175060258
398072352
1980945698
1646041721
1749308858
1613058352
1204673081
1133277208
997486013
104850029
580226291
822781722
275175128
1391533144
340726371
730904609
16113013
1324651693
1887569288
1999052354
133303468
1081550768
192603322
955611682
1193913615
1303320937
775534728
40197915
66326157
833137831
695304692
241386415
1231210182
528766742
1887428135
833035391
141825093
944617567
1966312599
991827457
1049467596
399055241
1814609178
1324642723
1790588384
7851900
55547331
1806701396
1332503592
1795632971
1658270101
1465807059
729700090
1850873422
273935093
1923613705
1006710711
1049469820
1816327971
1073036867
1882607650
364149014
1314423281
966334184
892915755
1054367768
1799369574
887257199
1998985334
1618198524
1879084656
900969281
17253764
1546210185
78128356
1660358499
1554062085
133675686
1319576246
739082028
1781825008
830362698
57405439
364041450
533752472
331340531
140171506
1540463182
1380810350
1956499476
466016400
1115934351
173164841
1780439681
82268534
1066080596
687323800
1734154460
1953337794
538825485
1204869335
1684938801
1439794766
1074639451
1083665338
1517923121
587514301
490243774
1504115158
1907090547
1229325801
1138456518
589969596
1286731239
1502497967
1123722067
1618071769
1642669472
516701600
851398470
1451685299
982718000
1967332821
1624850139
615674032
1902117706
543447086
1302997831
1488788517
349301232
1841823315
546174204
34240032
1134134432
1620813654
970421721
504573904
60844306
1460665494
8689062
1967934852
542507647
999661931
410420800
1829238885
354676249
1534142866
1299827006
1997345720
50844466
3741827
1301547370
886078817
1971074647
778913860
1501752848
1725708705
1322360946
657267030
1067013573
1671662177
351606696
1613187776
1558418560
1485741128
1086517781
381356633
1990315031
1147362087
1842022126
1851520444
967813290
237046124
703698726
1378234089
66285009
1058374974
764893307
1218628366
908237045
668254124
1222370192
62300766
1554332940
1045961191
841214626
908602139
624186247
16091923
1565869168
1691199819
1687754099
1917475863
1156903947
1098689010
1255733342
95938079
1480045642
1098564725
1243300165
1174584120
802601520
63629807
1411630243
1506300246
1441863895
1330431603
417191571
59273553
401576320
1325428616
727527676
1623946512
1387729381
134376967
522424054
81460358
1042979105
1146610300
97552280
461364624
690326470
1785306378
231356839
1847230416
736511740
1487090180
1943168495
69073733
438171256
1038985011
1243657852
1240772776
1102614817
507804447
599589373
396995064
1838236049
1016780943
456268616
92328721
194725910
1183796292
1716275232
1582455291
1318173258
91215637
1663915648
213668715
1237825936
1761467928
675033338
1928152405
1399290657
906390176
1627899173
135802396
245996708
1423584019
57392481
684167963
315085381
1301050332
1924940738
1417700198
1808854778
377046462
1814695261
1499607179
1393827405
123480228
1591935899
1588553314
1307276519
1160727482
1023524956
477966129
1251943118
539956956
691634843
342285405
153941235
1366668180
122954161
1553231891
125574708
1750853333
1541550639
371571415
1026953703
1598943119
1055739377
1342039084
752509802
833196467
612255633
413880932
1210242928
279467245
1913488110
456586684
402947472
1357940360
45139998
1710223991
371184193
921181305
40706471
1623127310
1461138260
732341313
1965412714
1615079494
99009492
88366874
1020827737
77100551
1691736559
414894727
448671965
571206613
13837845
1504411342
1913245696
618863998
190124160
378017680
1032744929
1400367087
657484924
798749390
1856953771
1060432396
9206101
1754610120
623172738
380390293
528307776
663879208
3517602
1989446036
1396220520
1821446667
1457041881
1347746363
1762329893
330385969
1424846914
1306582803
745280695
1873518878
1877789415
611634891
1230446571
1643551463
1230498889
1420570730
21569142
115760169
673454169
531570418
914509559
382924291
1592002813
923715659
137534410
67691902
1304105952
518358537
731571109
1160139905
360320924
127791628
834102924
1817362805
1328054342
448949168
265125
605417607
1755531970
745545820
331452837
1485837736
1357180710
1561899407
981905550
440195950
834986489
855991044
555956119
1508440657
1387561461
1470465677
1891364947
832080625
246697687
1881415708
899772526
1550803638
252290596
1631343634
563459895
612611520
1611651613
1397562818
282490676
792222306
1846511985
282755800
1397639913
1454560306
1028301619
1729092749
792914393
237998681
1143508507
1774819943
678194630
1978494995
483327338
1234150748
1339452003
1870888798
557132776
1083333301
555485774
803830463
817265360
1455258299
207150452
1069555956
939118284
770610346
1682167475
403286248
20689515
1964658150
1195508553
1867201499
99930301
445664817
1174278156
1128231920
27273917
1967192549
1366230600
1170782424
1594528843
44425229
1001793770
77856180
1131092329
193762125
1801261329
1688225104
1277095425
209263454
344571918
94360785
1664521752
551722370
1016433092
456156387
1322332715
551116918
859442634
1343022230
368291419
54951186
1062740080
468221719
353132355
89534588
1596453638
380406271
56727136
815200589
1551188694
1503772330
712142170
405498816
1434144861
1843234498
599260940
1087922541
1383975953
1876356364
1297185994
1728547871
1823233500
814224097
132786592
692182943
1270380483
1455119306
1243299860
129823116
650657887
1611591278
37290653
1713397967
79812997
242939359
1802932554
1528782986
623345630
1712176041
196499927
27050675
1068464722
908642096
432549490
355125934
604392945
1031810429
1443048474
1988368897
760683145
592750819
1569433119
436432996
1406974915
1702219710
1128615939
529871749
1009855368
224432150
512211216
1660513254
1836023428
402018220
1226427572
1768352776
644957579
881876477
1149652113
1268303208
446568869
1346152039
1295353882
1515033590
107310486
1727903372
1870159523
711703430
612230152
1165724348
552588679
1372913296
1758475166
122021797
1809346292
1017966432
1676757859
790478582
1547838180
539129578
1014910731
60049395
52159183
703450510
314583967
1278586755
324319637
959541545
12979583
1473971750
80361104
459548452
672640140
1375714985
1974582041
779950626
956134708
1697257916
1491654055
1568364860
715498615
44242733
793794507
326490133
18780882
455657150
1344456564
1548055092
1246135731
744811096
87184669
113562814
657376842
139343851
817013323
971960808
1270446957
1141332960
1931502352
1283426540
467821061
11863455
1742974991
1140461200
1240094792
1570073383
1920411825
48745851
1119847650
1264582232
1617110710
1835346265
1161341316
263421569
14352749
1032638549
719078718
1358809312
433209992
1965214449
103620407
372911012
78777262
613513601
364771215
748306936
1585474408
1635218171
1889639895
1369493112
771161062
209977307
1233872918
366652404
1350438507
326484061
1936725787
1123366683
375229912
909089788
240465266
1992340621
596952404
1401806582
108278541
611305152
286961482
827357259
1970114464
720171474
645088059
1926251222
1093082485
576381672
392281174
1457853699
1324688607
1977755582
945588222
